744737
922374
-510005
-408987
-255642
-396607
-472257
-754951
602540
-933168
518521
-682604
-300618
-241033
647120
630913
45328
-760644
-71912
-789704
-160550
77677
-974436
-270417
245233
-780613
-126261
658415
-22024
-606484
-156495
649671
617434
-28015
-542569
245005
585735
700554
-974837
-686455
-460516
-231323
930008
563083
-282185
158813
-669554
193971
315631
969636
-713873
-573134
365531
867677
-66043
-563519
878867
-845647
-868001
-567565
-966196
694792
-348700
276884
-263903
-586339
-752134
-915064
316668
-129672
909150
464714
299499
313838
775471
504661
-950462
-279868
-551477
253277
46296
-203892
353459
775215
-782501
-539181
729049
989608
-250636
-869695
316594
-492321
-448971
925905
-989720
160596
-791278
311295
365362
801811