-313586
6523557
-9675203
5176565
6197582
9044700
-1064437
28192
8749296
2100239
6978331
-3651218
-4577191
-4445078
-5926136
7683596
-190548
5045962
-4718592
1310055
-5413962
-5879008
2006262
-8802053
-9011537
7939109
-6712333
8197838
787215
1276826
-1266931
2950138
2006935
-3082366
-8803120
-4296753
-5194715
9458418
-9090697
-1374824
-9008272
7762543
-6865139
-5106235
8540174
864488
-9741384
-106647
-2593937
9817032
-850819
-2501453
8109818
-305908
-6181338
-283788
1714879
8440191
-7485485
-3647642
-5291384
-7441294
-2600895
5798061
6452801
6906672
9232558
-3227903
-9129457
3291211
9858565
2742575
-5609647
4274158
-8886629
-8998624
-7290409
-3481857
9617739
7679364
-6124775
5724317
6628892
249345
-9619577
-6786243
2721522
7227167
4633609
-633804
-4406452
-7454275
8914657
6778416
3403338
-1570903
-9536332
4704597
-1168279
-9095080
-5167362
-4597049
-9031050
-232247
3067862
9897112
-8579903
-669003
-4144294
8435171
1044338
4218941
8592916
-6652096
4754630
2958542
5326502
-8453747
1210534
9562194
5816671
-7745709
-9697146
4134580
550018
4384694
-7202800
-4275981
5049165
-7935469
9611505
5942516
-910913
-2805491
5399607
-7480269
-9903086
5581802
9595949
6680912
-1668984
3332237
2216291
9557994
-5586036
8051649
1957677
7461940
6032851
-620465
-5888677
1763208
-8184386
6248735
-2450521
-8333844
562392
7479958
-7579285
-5542699
-6489906
6533982
-1241927
6556660
848640
-9483594
9952250
25604
7707739
1606596
8458967
-6905543
707748
-8927459
-3514794
-9665067
5413819
-5206944
4961228
-7778612
10606
5687169
-3029581
-6826351
-3505244
4410098
-7580418
4535434
-2984734
-4087733
-6996994
-4901104
-6873496
3395760
-547641
-7889623
9338502
-4436846
983511
-9369910
-7666864
-8031139
5158455
776144
-1286431
3309512
-8501912
-9535991
7309875
-4814528
6661584
-1012425
8225018
1479752
8435503
-3504556
-9797953
3243661
-397544
-8624147
5011016
-5965115
-835580
6048656
4826606
9553074
8760773
-4952221
2336707
2430307
-417121
3242956
-2573710
3072658
-9131727
-7698913
8384224
-4517090
3853013
8886618
4125526
8663071
3060876
1769184
1075209
-3590789
-9819992
1590222
-7444254
9917760
-1943273
-2107959
3057332
-1160309
791144
1600232
4992097
-6835707
4432401
2687002
7688592
2225681
-2871921
-2793221
4572358
1938613
-6878011
-7805543
9414825
-8367520
4190246
267976
9893655
-3105872
-2760829
-5195707
1189010
-299220
482137
-5682430
-9188013
3609940
-8879153
2116657
-2817918
-8712580
-196070
-9094643
-6073338
9251830
2523515
-6186892
-9745888
-5836401
3000343
8833978
2441648
4823556
8401669
5996755
-8726988
-9553306
-4077612
-2385183
-4448894
-6605204
-3180881
-6004156
8557921
7301854
-2539761
-5346249
7087037
9770470
805258
-6682575
3834292
6214313
-3152099
67207
7149459
7211044
9040148
-4266716
-7465326
2347852
-429431
-6389846
7807153
1883479
9692673
-959787
-4742494
3712977
9614646
3973544
-7326781
-7125190
-7047212
6937941
9251930
-8073070
-7457237
8483423
-7766934
-6202007
-3706217
-1173407
-9952650
-6269155
9021787
-1505339
1507341
2707550
2532805
3108008
-1052748
-3990742
3752689
5580628
2457830
-2287975
2850231
9345941
9871735
-7305745
-1306259
-1035305
-5572965
5524721
1841226
-5278890
278022
8632127
-4909725
3690563
-6373389
2219236
1788765
8779977
4690576
4580304
-292036
466059
-2713130
-851568
5214926
-3431506
-1378691
2565067
-4120772
-8737690
-6988681
-7118185
1638323
-6954779
2946802
7785823
3885952
-6389471
-2207143
-414780
-6462510
8075353
-9913909
-2251006
-396336
867716
-2951824
-4961843
-1453093
1036849
8174795
4075056
6548562
3709058
-2837220
9476103
6521831
-3240796
2570828
5216191
-6363266
7265396
-1442657
2942668
2416152
-8956217
4732701
-198766
-284473
511909
-6463430
-8147080
5510447
7517020
3862094
734406
60992
-2402106
-4541350
5601996
-3037450
-6516187
8197113
4256891
-4921247
1858032
-5927036
3310078
6287422
4059862
-1573294
-634817
-4732833
-6629413
-3092816
-4863617
-9821689
-1638440
-5705721
7561671
-6613299
-218245
-1620324
-6867860
8448130
-3519628
-9165177
-8453135
781617
-4363012
8569856
-8420956
-110927
4046259
-2436534
-4362126
2177083
-2001173
-473873
2990290
-5524101
-2914757
1318258
-336427
-7928966
9866898
1261514
-4898045
-7839485
-3747639
9801539
6314187
-3009752
6768616
7305191
-7958930
8441206
-3726356
8075930
-9601507
-8494898
-5534341
-5511220
976284
6378447
-9178158
1971128
-2344133
3519219
3298954
-8665377
356070
-6937651
-7933939
-5913861
-2392328
-5544975
-7984300
-1904834
618475
-515374
-9950243
9827746
-2063022
-2605045
-5607512
-7999315
-8786562
4406696
2979330
-5831174
-6467962
4325551
-9542237
4437103
6669389
-2126396
2850614
2886797
754002
-8717265
-1357610
7819861
-6327021
9353610
-8303581
-1152852
-1554869
-2999744
7633892
7617220
1330994
-1064208
6966484
3673109
-1651751
-937707
446488
3277935
-5694582
-3961244
8685989
-4537005
1248356
8530033
4722482
3350974
8512639
-1844629
-712454
6465830
-100625
-3920795
-1883487
-9981866
-2844757
-8124029
-2409396
137038
8213018
-9530391
5632965
1134212
-8810735
-4481837
-501707
8092244
5011520
-55844
-6945399
8455469
-9382722
-313129
-1236214
6541610
-7789341
8835481
7248155
4618414
7908179
2841115
-5428339
-6801685
-287580
9389746
5469921
5272777
-5543567
-8605781
5285396
-6782125
-2451340
-7000618
8806601
2049996
-4205748
5573088
-6714994
-8990355
-4499495
9585512
-183659
-6721722
3126822
2178450
-5846438
-513474
-3577083
-7106788
233741
-6273135
5029129
7493298
8694836
-4017843
-4684644
6577778
-5613899
-4309588
1454577
1584360
6308104
6350178
-4964443
7599189
-2509726
7126644
-49561
-5318052
-7379039
1729322
6309335
8910343
-752496
739992
-8524506
1870559
-7376545
-4391866
2588886
-3839784
-7590312
-5124535
3816056
5057617
8971830
3936502
7944479
-6237987
1598227
-6966373
6953590
9693160
2988524
-162082
2813779
7378285
250234
3939177
-7278072
805598
8616958
-1323942
-7972835
-3709526
-8676213
3609149
9319450
8427773
-6929764
-6526582
-1983310
-5290469
6139744
-6113177
-8725803
-1585691
6302100
4635237
9681904
-642324
-2099982
-401662
-2058466
3409577
-9377327
-2312141
-1199362
-6507203
9778179
-1194751
8347925
6431949
8502552
-5064724
3905424
5143539
-7219032
-8630891
-6740596
-2484064
-4573062
4684893
5691404
-5933904
-4568845
2004299
6820363
-3368472
9254240
2210895
1264246
-1976846
8638965
-6442140
-2894762
9351122
8841393
-3275381
-2889708
822945
-4886058
6402134
-661377
3753440
2532834
1367364
-1363918
-376918
-7639806
-1457682
-8272984
-1426783
3448420
-6048706
-5222224
-1772778
7548553
-4877181
5859849
5698888
-6831900
-5280199
4023968
3260958
-2048524
-2705988
2119446
7006596
-8187852
3455329
-8129385
1036795
5433169
7656840
5308670
3104346
183139
-9212660
3431273
-4820454
-1141685
7612830
2671545
-5944523
-6720874
-1244901
-2181491
-3141596
-961279
6114772
4107756
-940160
3811679
-2757203
672094
-250238
8869127
7932931
550155
3929959
-5192918
9130252
-1764427
-7593615
493854
-5699595
1344852
-91509
4161957
-7984851
1694457
-1269713
5055144
5965446
8397879
8459907
2294291
8763992
1037338
-7260092
8069902
-9802518
-6867527
-7169331
-7881209
837585
-1073915
623769
-8572247
8214864
-7643829
-3321823
1969268
5524096
-6526882
-7696520
589260
-3643417
-7219643
-5880872
6194737
7973874
-3731684
-6169007
2561045
-4013813
-2168480
-1364118
-7953592
6752497
-5232811
-5336470
-8607446
4635488
-2834231
2436940
-9007018
-9202718
8185311
774688
4945743
8998239
5971256
3926285
1204946
-1072997
-9584174
-9249469
9512924
467174
5462430
284093
3028110
-8751194
6401465
-806113
1716136
8403378
5633073
-3560862
6039537
3218986
1050287
-2620055
7863423
-1646117
-1007885
1501221
4875134
4335392
7420120
7123321
-505278
-2027245
-650847
3499803
606886
1342607
-2359456
-9708609
1069044
3833737
-1480398
-7275848
-9865517
-5207641
9287262
420704
5848433
-1756308
-8938051
-5348320
8809827
7382740
-7903365
4273004
7634856
-5639179
-6541588
3789793
8646323
-3901460
-766158
-1044562
-2163790
-6918548
-7368530
-4973954
-5668323
-4452164
6127921
6834794
-3524911
-4285312
697583
-3315821
8399672
-5317225
9542021
-6488865
-9035459
3144637
-5200455
2650530
9792365
-9971557
-6163727
-9824938
-8073648
7635120
-9702999
-9555100
7176917
-8255515
-1315550
6645790
3368644
-2884760
-219443
8620906
-9896369
-4027667
-5427744
5947647
-19083
-8714900
9089792
-6101667
3703251
-8727519
-2378822
-5055642
5030798
-2889667
-1964416
-5187985
5521525
-1990097
-9817079
7660884
3286909
4323712
-4040418
6382254
-2161905
-2935811
-6635929
-253215
324859
-1125053
-1527349
-9522069
1958378
-9963715
-2570322
9833604
5424726